 &control
    calculation='scf'
    restart_mode='from_scratch',
    prefix='CrI3bulk'
    pseudo_dir = './'
    outdir='./out'
    verbosity='high'
    disk_io='none'
 /
 &system
    ibrav = 8, 
    celldm(1) = 22.476439
    celldm(2) = 1.6652944 
    celldm(3) = 5.7735
    nat = 480, 
    ntyp = 2,
    ecutwfc = 60.0,
    occupations = 'smearing',
    smearing = 'gauss',
    degauss = 0.01,
    tot_magnetization=360.00
    starting_magnetization(1) = 0.04,
    !lspinorb = .true.
    !noncolin = .true.
    nspin = 2 
    angle1(1) = 0.0
 /
 &electrons
    conv_thr =  1.d-9
    mixing_beta = 0.5
    electron_maxstep=50
    scf_must_converge=.true.
 /
ATOMIC_SPECIES
Cr     51.996    Cr_fr_lda.upf
I     126.9045   I_fr_lda.upf
ATOMIC_POSITIONS {bohr}
Cr       18.73036588      62.38314755       6.48838907   
Cr       18.73036588      62.38314755      19.46516721   
Cr       29.96858540      62.38314755      12.97677814   
Cr       18.73036588      62.38314755      32.44194534   
Cr       29.96858540      62.38314755      25.95355627   
Cr       18.73036588      62.38314755      45.41872348   
Cr       29.96858540      62.38314755      38.93033441   
Cr       18.73036588      62.38314755      58.39550162   
Cr       29.96858540      62.38314755      51.90711255   
Cr       18.73036588      62.38314755      71.37227975   
Cr       29.96858540      62.38314755      64.88389069   
Cr       18.73036588      62.38314755      84.34905789   
Cr       29.96858540      62.38314755      77.86066882   
Cr       18.73036588      62.38314755      97.32583603   
Cr       29.96858540      62.38314755      90.83744696   
Cr       18.73036588      62.38314755     110.30261417   
Cr       29.96858540      62.38314755     103.81422510   
Cr       18.73036588      62.38314755     123.27939230   
Cr       29.96858540      62.38314755     116.79100323   
Cr       29.96858540      62.38314755     129.76778137   
Cr       14.98429270      74.85977706      12.97677814   
Cr       14.98429270      74.85977706      25.95355627   
Cr       26.22251223      74.85977706      19.46516721   
Cr       14.98429270      74.85977706      38.93033441   
Cr       26.22251223      74.85977706      32.44194534   
Cr       14.98429270      74.85977706      51.90711255   
Cr       26.22251223      74.85977706      45.41872348   
Cr       14.98429270      74.85977706      64.88389069   
Cr       26.22251223      74.85977706      58.39550162   
Cr       14.98429270      74.85977706      77.86066882   
Cr       26.22251223      74.85977706      71.37227975   
Cr       14.98429270      74.85977706      90.83744696   
Cr       26.22251223      74.85977706      84.34905789   
Cr       14.98429270      74.85977706     103.81422510   
Cr       26.22251223      74.85977706      97.32583603   
Cr       14.98429270      74.85977706     116.79100323   
Cr       26.22251223      74.85977706     110.30261417   
Cr       14.98429270      74.85977706     129.76778137   
Cr       26.22251223      74.85977706     123.27939230   
Cr       26.22251223      74.85977706     136.25617044   
Cr       22.47643905      87.33640658      12.97677814   
Cr       22.47643905      87.33640658      25.95355627   
Cr       33.71465858      87.33640658      19.46516721   
Cr       22.47643905      87.33640658      38.93033441   
Cr       33.71465858      87.33640658      32.44194534   
Cr       22.47643905      87.33640658      51.90711255   
Cr       33.71465858      87.33640658      45.41872348   
Cr       22.47643905      87.33640658      64.88389069   
Cr       33.71465858      87.33640658      58.39550162   
Cr       22.47643905      87.33640658      77.86066882   
Cr       33.71465858      87.33640658      71.37227975   
Cr       22.47643905      87.33640658      90.83744696   
Cr       33.71465858      87.33640658      84.34905789   
Cr       22.47643905      87.33640658     103.81422510   
Cr       33.71465858      87.33640658      97.32583603   
Cr       22.47643905      87.33640658     116.79100323   
Cr       33.71465858      87.33640658     110.30261417   
Cr       22.47643905      87.33640658     129.76778137   
Cr       33.71465858      87.33640658     123.27939230   
Cr       33.71465858      87.33640658     136.25617044   
Cr       18.73036588      74.85977706       6.48838907   
Cr       18.73036588      74.85977706      19.46516721   
Cr       29.96858540      74.85977706      12.97677814   
Cr       18.73036588      74.85977706      32.44194534   
Cr       29.96858540      74.85977706      25.95355627   
Cr       18.73036588      74.85977706      45.41872348   
Cr       29.96858540      74.85977706      38.93033441   
Cr       18.73036588      74.85977706      58.39550162   
Cr       29.96858540      74.85977706      51.90711255   
Cr       18.73036588      74.85977706      71.37227975   
Cr       29.96858540      74.85977706      64.88389069   
Cr       18.73036588      74.85977706      84.34905789   
Cr       29.96858540      74.85977706      77.86066882   
Cr       18.73036588      74.85977706      97.32583603   
Cr       29.96858540      74.85977706      90.83744696   
Cr       18.73036588      74.85977706     110.30261417   
Cr       29.96858540      74.85977706     103.81422510   
Cr       18.73036588      74.85977706     123.27939230   
Cr       29.96858540      74.85977706     116.79100323   
Cr       29.96858540      74.85977706     129.76778137   
Cr       14.98429270      87.33640658      12.97677814   
Cr       14.98429270      87.33640658      25.95355627   
Cr       26.22251223      87.33640658      19.46516721   
Cr       14.98429270      87.33640658      38.93033441   
Cr       26.22251223      87.33640658      32.44194534   
Cr       14.98429270      87.33640658      51.90711255   
Cr       26.22251223      87.33640658      45.41872348   
Cr       14.98429270      87.33640658      64.88389069   
Cr       26.22251223      87.33640658      58.39550162   
Cr       14.98429270      87.33640658      77.86066882   
Cr       26.22251223      87.33640658      71.37227975   
Cr       14.98429270      87.33640658      90.83744696   
Cr       26.22251223      87.33640658      84.34905789   
Cr       14.98429270      87.33640658     103.81422510   
Cr       26.22251223      87.33640658      97.32583603   
Cr       14.98429270      87.33640658     116.79100323   
Cr       26.22251223      87.33640658     110.30261417   
Cr       14.98429270      87.33640658     129.76778137   
Cr       26.22251223      87.33640658     123.27939230   
Cr       26.22251223      87.33640658     136.25617044   
Cr       22.47643905      99.81303609      12.97677814   
Cr       22.47643905      99.81303609      25.95355627   
Cr       33.71465858      99.81303609      19.46516721   
Cr       22.47643905      99.81303609      38.93033441   
Cr       33.71465858      99.81303609      32.44194534   
Cr       22.47643905      99.81303609      51.90711255   
Cr       33.71465858      99.81303609      45.41872348   
Cr       22.47643905      99.81303609      64.88389069   
Cr       33.71465858      99.81303609      58.39550162   
Cr       22.47643905      99.81303609      77.86066882   
Cr       33.71465858      99.81303609      71.37227975   
Cr       22.47643905      99.81303609      90.83744696   
Cr       33.71465858      99.81303609      84.34905789   
Cr       22.47643905      99.81303609     103.81422510   
Cr       33.71465858      99.81303609      97.32583603   
Cr       22.47643905      99.81303609     116.79100323   
Cr       33.71465858      99.81303609     110.30261417   
Cr       22.47643905      99.81303609     129.76778137   
Cr       33.71465858      99.81303609     123.27939230   
Cr       33.71465858      99.81303609     136.25617044   
I        14.98429270      65.44210519       4.32559271   
I        14.98429270      65.44210519      17.30237085   
I        26.22251223      65.44210519      10.81398178   
I        14.98429270      65.44210519      30.27914899   
I        26.22251223      65.44210519      23.79075992   
I        14.98429270      65.44210519      43.25592712   
I        26.22251223      65.44210519      36.76753806   
I        14.98429270      65.44210519      56.23270526   
I        26.22251223      65.44210519      49.74431619   
I        14.98429270      65.44210519      69.20948340   
I        26.22251223      65.44210519      62.72109433   
I        14.98429270      65.44210519      82.18626154   
I        26.22251223      65.44210519      75.69787247   
I        14.98429270      65.44210519      95.16303967   
I        26.22251223      65.44210519      88.67465060   
I        14.98429270      65.44210519     108.13981781   
I        26.22251223      65.44210519     101.65142874   
I        14.98429270      65.44210519     121.11659595   
I        26.22251223      65.44210519     114.62820688   
I        26.22251223      65.44210519     127.60498502   
I        11.23821953      77.91873470      10.81398178   
I        11.23821953      77.91873470      23.79075992   
I        22.47643905      77.91873470      17.30237085   
I        11.23821953      77.91873470      36.76753806   
I        22.47643905      77.91873470      30.27914899   
I        11.23821953      77.91873470      49.74431619   
I        22.47643905      77.91873470      43.25592712   
I        11.23821953      77.91873470      62.72109433   
I        22.47643905      77.91873470      56.23270526   
I        11.23821953      77.91873470      75.69787247   
I        22.47643905      77.91873470      69.20948340   
I        11.23821953      77.91873470      88.67465060   
I        22.47643905      77.91873470      82.18626154   
I        11.23821953      77.91873470     101.65142874   
I        22.47643905      77.91873470      95.16303967   
I        11.23821953      77.91873470     114.62820688   
I        22.47643905      77.91873470     108.13981781   
I        11.23821953      77.91873470     127.60498502   
I        22.47643905      77.91873470     121.11659595   
I        22.47643905      77.91873470     134.09337408   
I        18.73036588      90.39536421      10.81398178   
I        18.73036588      90.39536421      23.79075992   
I        29.96858540      90.39536421      17.30237085   
I        18.73036588      90.39536421      36.76753806   
I        29.96858540      90.39536421      30.27914899   
I        18.73036588      90.39536421      49.74431619   
I        29.96858540      90.39536421      43.25592712   
I        18.73036588      90.39536421      62.72109433   
I        29.96858540      90.39536421      56.23270526   
I        18.73036588      90.39536421      75.69787247   
I        29.96858540      90.39536421      69.20948340   
I        18.73036588      90.39536421      88.67465060   
I        29.96858540      90.39536421      82.18626154   
I        18.73036588      90.39536421     101.65142874   
I        29.96858540      90.39536421      95.16303967   
I        18.73036588      90.39536421     114.62820688   
I        29.96858540      90.39536421     108.13981781   
I        18.73036588      90.39536421     127.60498502   
I        29.96858540      90.39536421     121.11659595   
I        29.96858540      90.39536421     134.09337408   
I        22.47643905      65.44210519       4.32559271   
I        22.47643905      65.44210519      17.30237085   
I        33.71465858      65.44210519      10.81398178   
I        22.47643905      65.44210519      30.27914899   
I        33.71465858      65.44210519      23.79075992   
I        22.47643905      65.44210519      43.25592712   
I        33.71465858      65.44210519      36.76753806   
I        22.47643905      65.44210519      56.23270526   
I        33.71465858      65.44210519      49.74431619   
I        22.47643905      65.44210519      69.20948340   
I        33.71465858      65.44210519      62.72109433   
I        22.47643905      65.44210519      82.18626154   
I        33.71465858      65.44210519      75.69787247   
I        22.47643905      65.44210519      95.16303967   
I        33.71465858      65.44210519      88.67465060   
I        22.47643905      65.44210519     108.13981781   
I        33.71465858      65.44210519     101.65142874   
I        22.47643905      65.44210519     121.11659595   
I        33.71465858      65.44210519     114.62820688   
I        33.71465858      65.44210519     127.60498502   
I        18.73036588      77.91873470      10.81398178   
I        18.73036588      77.91873470      23.79075992   
I        29.96858540      77.91873470      17.30237085   
I        18.73036588      77.91873470      36.76753806   
I        29.96858540      77.91873470      30.27914899   
I        18.73036588      77.91873470      49.74431619   
I        29.96858540      77.91873470      43.25592712   
I        18.73036588      77.91873470      62.72109433   
I        29.96858540      77.91873470      56.23270526   
I        18.73036588      77.91873470      75.69787247   
I        29.96858540      77.91873470      69.20948340   
I        18.73036588      77.91873470      88.67465060   
I        29.96858540      77.91873470      82.18626154   
I        18.73036588      77.91873470     101.65142874   
I        29.96858540      77.91873470      95.16303967   
I        18.73036588      77.91873470     114.62820688   
I        29.96858540      77.91873470     108.13981781   
I        18.73036588      77.91873470     127.60498502   
I        29.96858540      77.91873470     121.11659595   
I        29.96858540      77.91873470     134.09337408   
I        26.22251223      90.39536421      10.81398178   
I        26.22251223      90.39536421      23.79075992   
I        37.46073175      90.39536421      17.30237085   
I        26.22251223      90.39536421      36.76753806   
I        37.46073175      90.39536421      30.27914899   
I        26.22251223      90.39536421      49.74431619   
I        37.46073175      90.39536421      43.25592712   
I        26.22251223      90.39536421      62.72109433   
I        37.46073175      90.39536421      56.23270526   
I        26.22251223      90.39536421      75.69787247   
I        37.46073175      90.39536421      69.20948340   
I        26.22251223      90.39536421      88.67465060   
I        37.46073175      90.39536421      82.18626154   
I        26.22251223      90.39536421     101.65142874   
I        37.46073175      90.39536421      95.16303967   
I        26.22251223      90.39536421     114.62820688   
I        37.46073175      90.39536421     108.13981781   
I        26.22251223      90.39536421     127.60498502   
I        37.46073175      90.39536421     121.11659595   
I        37.46073175      90.39536421     134.09337408   
I        18.73036588      65.44210519      10.81398178   
I        18.73036588      65.44210519      23.79075992   
I        29.96858540      65.44210519      17.30237085   
I        18.73036588      65.44210519      36.76753805   
I        29.96858540      65.44210519      30.27914899   
I        18.73036588      65.44210519      49.74431619   
I        29.96858540      65.44210519      43.25592712   
I        18.73036588      65.44210519      62.72109433   
I        29.96858540      65.44210519      56.23270526   
I        18.73036588      65.44210519      75.69787247   
I        29.96858540      65.44210519      69.20948340   
I        18.73036588      65.44210519      88.67465060   
I        29.96858540      65.44210519      82.18626153   
I        18.73036588      65.44210519     101.65142874   
I        29.96858540      65.44210519      95.16303967   
I        18.73036588      65.44210519     114.62820688   
I        29.96858540      65.44210519     108.13981781   
I        18.73036588      65.44210519     127.60498501   
I        29.96858540      65.44210519     121.11659595   
I        29.96858540      65.44210519     134.09337408   
I        14.98429270      77.91873470      17.30237085   
I        14.98429270      77.91873470      30.27914899   
I        26.22251223      77.91873470      23.79075992   
I        14.98429270      77.91873470      43.25592712   
I        26.22251223      77.91873470      36.76753805   
I        14.98429270      77.91873470      56.23270526   
I        26.22251223      77.91873470      49.74431619   
I        14.98429270      77.91873470      69.20948340   
I        26.22251223      77.91873470      62.72109433   
I        14.98429270      77.91873470      82.18626153   
I        26.22251223      77.91873470      75.69787247   
I        14.98429270      77.91873470      95.16303967   
I        26.22251223      77.91873470      88.67465060   
I        14.98429270      77.91873470     108.13981781   
I        26.22251223      77.91873470     101.65142874   
I        14.98429270      77.91873470     121.11659595   
I        26.22251223      77.91873470     114.62820688   
I        14.98429270      77.91873470     134.09337408   
I        26.22251223      77.91873470     127.60498501   
I        26.22251223      77.91873470     140.58176315   
I        22.47643905      90.39536421      17.30237085   
I        22.47643905      90.39536421      30.27914899   
I        33.71465858      90.39536421      23.79075992   
I        22.47643905      90.39536421      43.25592712   
I        33.71465858      90.39536421      36.76753805   
I        22.47643905      90.39536421      56.23270526   
I        33.71465858      90.39536421      49.74431619   
I        22.47643905      90.39536421      69.20948340   
I        33.71465858      90.39536421      62.72109433   
I        22.47643905      90.39536421      82.18626153   
I        33.71465858      90.39536421      75.69787247   
I        22.47643905      90.39536421      95.16303967   
I        33.71465858      90.39536421      88.67465060   
I        22.47643905      90.39536421     108.13981781   
I        33.71465858      90.39536421     101.65142874   
I        22.47643905      90.39536421     121.11659595   
I        33.71465858      90.39536421     114.62820688   
I        22.47643905      90.39536421     134.09337408   
I        33.71465858      90.39536421     127.60498501   
I        33.71465858      90.39536421     140.58176315   
I        22.47643905      71.80081942       8.65118542   
I        22.47643905      71.80081942      21.62796356   
I        33.71465858      71.80081942      15.13957449   
I        22.47643905      71.80081942      34.60474169   
I        33.71465858      71.80081942      28.11635263   
I        22.47643905      71.80081942      47.58151983   
I        33.71465858      71.80081942      41.09313076   
I        22.47643905      71.80081942      60.55829797   
I        33.71465858      71.80081942      54.06990890   
I        22.47643905      71.80081942      73.53507611   
I        33.71465858      71.80081942      67.04668704   
I        22.47643905      71.80081942      86.51185424   
I        33.71465858      71.80081942      80.02346517   
I        22.47643905      71.80081942      99.48863238   
I        33.71465858      71.80081942      93.00024331   
I        22.47643905      71.80081942     112.46541052   
I        33.71465858      71.80081942     105.97702145   
I        22.47643905      71.80081942     125.44218865   
I        33.71465858      71.80081942     118.95379959   
I        33.71465858      71.80081942     131.93057772   
I        18.73036588      84.27744893      15.13957449   
I        18.73036588      84.27744893      28.11635263   
I        29.96858541      84.27744893      21.62796356   
I        18.73036588      84.27744893      41.09313076   
I        29.96858541      84.27744893      34.60474169   
I        18.73036588      84.27744893      54.06990890   
I        29.96858541      84.27744893      47.58151983   
I        18.73036588      84.27744893      67.04668704   
I        29.96858541      84.27744893      60.55829797   
I        18.73036588      84.27744893      80.02346517   
I        29.96858541      84.27744893      73.53507611   
I        18.73036588      84.27744893      93.00024331   
I        29.96858541      84.27744893      86.51185424   
I        18.73036588      84.27744893     105.97702145   
I        29.96858541      84.27744893      99.48863238   
I        18.73036588      84.27744893     118.95379959   
I        29.96858541      84.27744893     112.46541052   
I        18.73036588      84.27744893     131.93057772   
I        29.96858541      84.27744893     125.44218865   
I        29.96858541      84.27744893     138.41896679   
I        26.22251223      96.75407844      15.13957449   
I        26.22251223      96.75407844      28.11635263   
I        37.46073176      96.75407844      21.62796356   
I        26.22251223      96.75407844      41.09313076   
I        37.46073176      96.75407844      34.60474169   
I        26.22251223      96.75407844      54.06990890   
I        37.46073176      96.75407844      47.58151983   
I        26.22251223      96.75407844      67.04668704   
I        37.46073176      96.75407844      60.55829797   
I        26.22251223      96.75407844      80.02346517   
I        37.46073176      96.75407844      73.53507611   
I        26.22251223      96.75407844      93.00024331   
I        37.46073176      96.75407844      86.51185424   
I        26.22251223      96.75407844     105.97702145   
I        37.46073176      96.75407844      99.48863238   
I        26.22251223      96.75407844     118.95379959   
I        37.46073176      96.75407844     112.46541052   
I        26.22251223      96.75407844     131.93057772   
I        37.46073176      96.75407844     125.44218865   
I        37.46073176      96.75407844     138.41896679   
I        14.98429270      71.80081942       8.65118543   
I        14.98429270      71.80081942      21.62796357   
I        26.22251223      71.80081942      15.13957450   
I        14.98429270      71.80081942      34.60474170   
I        26.22251223      71.80081942      28.11635263   
I        14.98429270      71.80081942      47.58151984   
I        26.22251223      71.80081942      41.09313077   
I        14.98429270      71.80081942      60.55829798   
I        26.22251223      71.80081942      54.06990891   
I        14.98429270      71.80081942      73.53507611   
I        26.22251223      71.80081942      67.04668705   
I        14.98429270      71.80081942      86.51185425   
I        26.22251223      71.80081942      80.02346518   
I        14.98429270      71.80081942      99.48863239   
I        26.22251223      71.80081942      93.00024332   
I        14.98429270      71.80081942     112.46541053   
I        26.22251223      71.80081942     105.97702146   
I        14.98429270      71.80081942     125.44218866   
I        26.22251223      71.80081942     118.95379959   
I        26.22251223      71.80081942     131.93057773   
I        11.23821953      84.27744893      15.13957450   
I        11.23821953      84.27744893      28.11635263   
I        22.47643905      84.27744893      21.62796357   
I        11.23821953      84.27744893      41.09313077   
I        22.47643905      84.27744893      34.60474170   
I        11.23821953      84.27744893      54.06990891   
I        22.47643905      84.27744893      47.58151984   
I        11.23821953      84.27744893      67.04668705   
I        22.47643905      84.27744893      60.55829798   
I        11.23821953      84.27744893      80.02346518   
I        22.47643905      84.27744893      73.53507611   
I        11.23821953      84.27744893      93.00024332   
I        22.47643905      84.27744893      86.51185425   
I        11.23821953      84.27744893     105.97702146   
I        22.47643905      84.27744893      99.48863239   
I        11.23821953      84.27744893     118.95379959   
I        22.47643905      84.27744893     112.46541053   
I        11.23821953      84.27744893     131.93057773   
I        22.47643905      84.27744893     125.44218866   
I        22.47643905      84.27744893     138.41896680   
I        18.73036588      96.75407844      15.13957450   
I        18.73036588      96.75407844      28.11635263   
I        29.96858541      96.75407844      21.62796357   
I        18.73036588      96.75407844      41.09313077   
I        29.96858541      96.75407844      34.60474170   
I        18.73036588      96.75407844      54.06990891   
I        29.96858541      96.75407844      47.58151984   
I        18.73036588      96.75407844      67.04668705   
I        29.96858541      96.75407844      60.55829798   
I        18.73036588      96.75407844      80.02346518   
I        29.96858541      96.75407844      73.53507611   
I        18.73036588      96.75407844      93.00024332   
I        29.96858541      96.75407844      86.51185425   
I        18.73036588      96.75407844     105.97702146   
I        29.96858541      96.75407844      99.48863239   
I        18.73036588      96.75407844     118.95379959   
I        29.96858541      96.75407844     112.46541053   
I        18.73036588      96.75407844     131.93057773   
I        29.96858541      96.75407844     125.44218866   
I        29.96858541      96.75407844     138.41896680   
I        18.73036587      71.80081942       2.16279636   
I        18.73036587      71.80081942      15.13957449   
I        29.96858540      71.80081942       8.65118542   
I        18.73036587      71.80081942      28.11635263   
I        29.96858540      71.80081942      21.62796356   
I        18.73036587      71.80081942      41.09313077   
I        29.96858540      71.80081942      34.60474170   
I        18.73036587      71.80081942      54.06990890   
I        29.96858540      71.80081942      47.58151984   
I        18.73036587      71.80081942      67.04668704   
I        29.96858540      71.80081942      60.55829797   
I        18.73036587      71.80081942      80.02346518   
I        29.96858540      71.80081942      73.53507611   
I        18.73036587      71.80081942      93.00024332   
I        29.96858540      71.80081942      86.51185425   
I        18.73036587      71.80081942     105.97702145   
I        29.96858540      71.80081942      99.48863238   
I        18.73036587      71.80081942     118.95379959   
I        29.96858540      71.80081942     112.46541052   
I        29.96858540      71.80081942     125.44218866   
I        14.98429270      84.27744893       8.65118542   
I        14.98429270      84.27744893      21.62796356   
I        26.22251222      84.27744893      15.13957449   
I        14.98429270      84.27744893      34.60474170   
I        26.22251222      84.27744893      28.11635263   
I        14.98429270      84.27744893      47.58151984   
I        26.22251222      84.27744893      41.09313077   
I        14.98429270      84.27744893      60.55829797   
I        26.22251222      84.27744893      54.06990890   
I        14.98429270      84.27744893      73.53507611   
I        26.22251222      84.27744893      67.04668704   
I        14.98429270      84.27744893      86.51185425   
I        26.22251222      84.27744893      80.02346518   
I        14.98429270      84.27744893      99.48863238   
I        26.22251222      84.27744893      93.00024332   
I        14.98429270      84.27744893     112.46541052   
I        26.22251222      84.27744893     105.97702145   
I        14.98429270      84.27744893     125.44218866   
I        26.22251222      84.27744893     118.95379959   
I        26.22251222      84.27744893     131.93057773   
I        22.47643905      96.75407844       8.65118542   
I        22.47643905      96.75407844      21.62796356   
I        33.71465857      96.75407844      15.13957449   
I        22.47643905      96.75407844      34.60474170   
I        33.71465857      96.75407844      28.11635263   
I        22.47643905      96.75407844      47.58151984   
I        33.71465857      96.75407844      41.09313077   
I        22.47643905      96.75407844      60.55829797   
I        33.71465857      96.75407844      54.06990890   
I        22.47643905      96.75407844      73.53507611   
I        33.71465857      96.75407844      67.04668704   
I        22.47643905      96.75407844      86.51185425   
I        33.71465857      96.75407844      80.02346518   
I        22.47643905      96.75407844      99.48863238   
I        33.71465857      96.75407844      93.00024332   
I        22.47643905      96.75407844     112.46541052   
I        33.71465857      96.75407844     105.97702145   
I        22.47643905      96.75407844     125.44218866   
I        33.71465857      96.75407844     118.95379959   
I        33.71465857      96.75407844     131.93057773   
K_POINTS {automatic}
4 1 1  0 0 0
