&control
  calculation='scf'
  prefix='water_air'
  pseudo_dir='.'
  disk_io='low'
  outdir='./out'
  restart_mode='from_scratch'
  max_seconds=3400
  tprnfor=.true.
/
&system
  ibrav=0
  nat=192
  ntyp=2,
  ecutwfc=110
  ecutrho=1000
  input_dft='scan'
  !exx_fraction=0.95
/
&electrons
  !startingpot='file'
  electron_maxstep = 1000
  mixing_beta = 0.2
  conv_thr = 1.D-10
/
&ions
  bfgs_ndim=10
/
&cell
/
ATOMIC_SPECIES
O    1.0  O.tm.pbe.UPF 
H    1.0  H.tm.pbe.UPF 
CELL_PARAMETERS {angstrom}
12.44468514 0.0 0.0 
0.0 12.44468514 0.0 
0.0 0.0 27.44466238 
ATOMIC_POSITIONS {angstrom}
O 0.644964 5.56914 1.19227139
O 1.51538 0.39146 2.48926139
O 0.883782 2.49305 -2.76242861
O 10.5574 10.8255 -2.23525861
O 10.7944 11.8046 2.35380139
O 11.3351 6.7213 6.07188139
O 10.9264 0.736714 -4.26557861
O 10.7534 6.37362 2.48058139
O 10.2473 8.76529 -6.17549149
O 12.2277 2.38231 5.08108139
O 11.4682 0.228387 6.47968139
O 11.2141 2.0305 1.98912139
O 11.4674 4.28988 -3.81416861
O 2.23804 3.14997 -0.45276861
O 11.8892 10.4154 -4.82886061
O 11.9947 8.07603 -3.22744861
O 10.8476 4.68 4.45678139
O 11.8719 10.5962 0.28693139
O 9.48279 7.40973 -2.66261861
O 9.94609 4.92528 -1.32855861
O 2.07835 10.2989 -5.76509149
O 1.06514 3.3776 2.50428139
O 0.454074 6.40478 -5.03946361
O 2.19614 11.1972 -3.18613861
O 1.15634 0.765701 -5.02931061
O 2.37021 3.35755 5.30578139
O 1.58108 10.0847 3.74276139
O 1.92121 9.51325 1.10819139
O 2.98291 0.557582 0.11150139
O 4.23068 2.99685 2.12336139
O 3.7886 1.58167 -3.30005861
O 3.3884 8.88674 -2.62862861
O 4.92099 12.4327 -5.50347061
O 4.44574 1.83291 6.10488139
O 4.24315 5.03951 -0.10943861
O 3.60134 9.28331 5.22518139
O 2.93319 5.63645 2.95841139
O 1.73321 7.32959 -0.61521861
O 4.43843 9.36811 0.48958139
O 5.93832 0.843245 2.32875139
O 5.52044 11.7566 0.08800139
O 6.66342 2.98558 -4.67733661
O 7.46461 4.48272 2.07854139
O 4.42849 7.89337 3.06230139
O 6.10506 7.3741 -2.92223861
O 6.88857 3.038 4.65958139
O 5.79228 4.60484 -2.60654861
O 7.92925 12.0898 -5.72749149
O 8.18928 0.231371 -0.79640861
O 6.28244 7.35745 -0.21940861
O 7.48693 6.9198 3.90593139
O 8.30008 1.25815 -3.27147861
O 7.4152 5.43034 6.22748139
O 8.84646 6.41905 0.50278139
O 8.47771 0.805318 1.67623139
O 9.70924 3.28221 -5.41045061
O 9.23173 1.75028 4.47418139
O 8.43897 10.0575 -3.80497861
O 7.2367 3.56436 -0.67427861
O 0.089376 0.244826 -1.45705861
O 9.72706 11.4119 4.73458139
O 8.26285 6.73805 -5.48138061
O 9.88646 8.47984 4.24105139
O 10.694 2.4485 -0.84592861
H 0.351405 10.2793 -5.15169561
H 0.22331 10.0751 0.33906139
H 9.70638 5.45734 -0.54268861
H 12.2287 11.3932 -0.06153861
H 10.4169 7.62597 -2.80230861
H 0.084406 3.02908 -3.07338861
H 1.1212 2.97809 -1.98028861
H 1.92308 0.44123 1.60303139
H 1.68389 3.09318 0.32870139
H 11.276 2.02517 -1.43122861
H 10.8765 7.5399 5.65388139
H 11.2976 11.2154 1.79094139
H 9.47977 8.20031 -6.31539149
H 10.376 7.99415 3.52113139
H 10.9218 3.69442 -4.39765861
H 8.49557 6.74577 -4.53772861
H 11.0295 11.8524 6.23978139
H 10.4415 10.5126 -1.32705861
H 10.413 5.69179 3.09920139
H 10.9385 12.2131 -4.49257861
H 12.2773 1.66675 5.72318139
H 0.877032 6.21903 0.42366139
H 11.878 9.00669 -3.50856861
H -0.017611 1.90765 4.20300139
H 10.6332 8.26631 -5.44829761
H 10.4853 4.19543 -0.95133861
H 11.7956 0.992447 -4.53103861
H 11.262999 10.177 -5.54800161
H 10.9444 5.35798 5.13808139
H 1.94132 11.4084 -4.10480861
H 10.857 4.24674 -3.02723861
H 10.8586 0.615248 7.12248139
H 11.0202 1.07825 2.11262139
H 11.6101 4.05237 4.64698139
H 12.4558 7.64466 -3.91727861
H 9.44035 6.62852 -2.06947861
H 12.1701 5.93811 1.53812139
H 0.601467 0.323652 2.20843139
H 12.1974 2.2756 1.96383139
H 2.87358 3.83807 -0.27607861
H 1.41974 3.17883 5.39988139
H 0.829202 4.24691 2.12183139
H 1.63522 11.0403 3.69284139
H 2.55803 10.5952 -6.54659049
H 1.68698 1.35148 -4.35847861
H 1.88946 3.62058 2.91488139
H 1.49218 11.5566 -2.63050861
H 2.78727 9.72314 -5.36328261
H 3.69756 2.26287 2.26421139
H 1.87029 9.64848 2.08378139
H 12.483 5.68889 -4.57431861
H -0.082105 6.50174 -5.80309149
H 3.53755 2.1161 -2.55077861
H 3.93415 0.340507 0.06719139
H 1.90659 0.44713 -5.61682161
H 2.37987 4.32625 5.31758139
H 3.00366 9.75894 -2.80837861
H 2.30683 9.889731 4.34982139
H 4.74004 0.642262 -6.16599049
H 2.84153 9.76929 1.05759139
H 3.63012 2.45127 6.03248139
H 2.81957 1.28784 -0.49775861
H 5.06958 2.49519 2.24104139
H 3.90946 0.753346 -2.85247861
H 2.56925 5.72691 2.07125139
H 4.64952 4.32809 0.38383139
H 4.39873 1.39107 6.98208139
H 2.62281 8.36623 -2.36921861
H 3.98088 9.25016 6.19288139
H 4.68315 0.3419 -4.62298861
H 2.50089 6.74695 -0.27878861
H 3.68201 5.05011 2.91874139
H 6.41593 2.67881 -5.55010961
H 4.04133 8.60633 4.63008139
H 4.49197 4.86396 -1.04414861
H 5.82228 0.499347 3.18301139
H 5.16178 10.8415 -0.03386861
H 5.33997 8.068129 -3.12641861
H 1.60493 8.04671 0.03288139
H 5.29872 0.392027 1.71069139
H 7.3068 3.78111 1.35181139
H 6.97224 11.9336 -5.69659249
H 3.82675 7.11242 3.03252139
H 5.18799 8.73419 0.41082139
H 6.16938 2.46712 5.05108139
H 3.99858 9.39058 -0.40154861
H 7.77732 3.84631 2.79675139
H 6.45195 11.7772 0.16809139
H 6.90845 7.85831 -3.08946861
H 7.37024 2.37847 -4.35158861
H 7.62329 6.44788 4.80208139
H 6.10262 4.08544 -3.39871861
H 5.88636 5.53351 -2.88481861
H 8.10592 0.150161 -4.95740661
H 5.29241 7.48018 3.25449139
H 6.23273 7.31345 -1.21507861
H 8.02235 0.776065 -2.41659861
H 9.05077 12.5315 -1.20005861
H 8.3512 5.71565 1.05227139
H 7.36142 4.45346 6.02618139
H 8.71889 3.12711 -5.44079249
H 7.73268 2.55887 4.69498139
H 7.75782 6.41038 3.13257139
H 7.58573 0.734142 2.03522139
H 5.85283 6.47209 -0.02323861
H 8.40157 0.735578 -0.02285861
H 8.55352 10.7123 -4.62463761
H 8.07328 6.90306 0.16944139
H 9.23184 1.42692 -3.24088861
H 6.85202 4.00488 -1.45051861
H 8.904491 1.45244 2.23924139
H 9.99536 2.31943 -5.53121161
H 7.64265 5.54736 7.14288139
H 9.30513 0.850218 4.96018139
H 8.82535 9.20873 -3.97101861
H 9.08434 8.01294 4.42178139
H 8.337 5.7811 -5.66442961
H 10.9249 2.18848 0.00736139
H 9.63723 10.6799 -2.53504861
H 10.114 2.00858 4.60968139
H 8.16907 3.49186 -0.79364861
H 9.87829 11.861301 2.11258139
H 9.97907 6.44829 1.90555139
H 12.2796 6.88705 6.01718139
H 0.546664 0.851481 -2.10527861
H 9.40558 10.474 4.90138139
H 11.8945 12.2284 -1.96783861
H 10.3031 11.443 3.96237139
